206 11111
178 11110
252 11101
196 11100
224 110111
245 110110
17 11010111
127 110101101
93 1101011001
92 1101011000
44 11010101
91 1101010011
112 1101010010
128 110101000
223 110100
184 1100
25 1011111
34 1011110
222 101110
191 101101
190 101100
205 10101
179 10100
157 1001111
155 10011101
113 1001110011
90 1001110010
82 1001110001
83 1001110000
246 100110
221 100101
43 10010011
55 100100101
114 1001001001
84 1001001000
26 1001000
197 10001
220 100001
140 100000111
138 100000110
139 100000101
85 1000001001
115 1000001000
42 10000001
129 100000001
137 100000000
180 01111
160 011101
219 011100
204 01101
217 011001
189 011000
88 0101111111
89 0101111110
141 010111110
81 0101111011
87 0101111010
142 010111100
136 010111011
86 0101110101
116 0101110100
15 010111001
135 010111000
216 010110
218 010101
214 010100
215 010011
192 010010
213 010001
41 01000011
130 010000101
80 0100001001
117 0100001000
134 010000011
133 010000010
40 01000000
198 00111
212 001101
247 001100
203 00101
54 001001111
143 001001110
132 001001101
131 001001100
27 0010010
211 001000
161 000111
248 000110
199 00010
202 00001
181 00000
144 111111111
79 1111111101
118 1111111100
145 111111101
13 1111111001
119 1111111000
254 11111101
39 11111100
33 1111101
75 1111100111
78 1111100110
77 1111100101
120 1111100100
18 11111000
200 11110
201 11101
210 111001
162 111000
193 110111
67 1101101111
68 1101101110
76 1101101101
72 1101101100
38 11011010
28 1101100
53 110101111
69 1101011101
73 1101011100
74 1101011011
11 11010110101
9 110101101001
7 1101011010001
5 11010110100001
6 11010110100000
147 110101100
71 1101010111
66 1101010110
146 110101010
37 11010100
163 110100
186 11001
188 110001
249 110000
164 101111
209 101110
121 1011011111
70 1011011110
65 1011011101
63 1011011100
64 1011011011
122 1011011010
149 101101100
148 101101011
151 101101010
156 10110100
29 1011001
158 1011000
250 101011
165 101010
150 101001111
62 1010011101
61 1010011100
152 101001101
52 101001100
32 1010010
234 1010001
36 10100001
16 101000001
123 1010000001
60 1010000000
182 10011
194 100101
232 1001001
236 1001000
230 1000111
239 1000110
153 100010111
59 1000101101
124 1000101100
19 10001010
233 1000100
208 100001
235 1000001
30 1000000
166 011111
231 0111101
229 0111100
237 0111011
31 0111010
238 0111001
228 0111000
251 011011
241 0110101
240 0110100
253 011001
167 011000
58 0101111111
125 0101111110
51 010111110
154 010111101
14 0101111001
100 01011110001
12 01011110000
242 0101110
227 0101101
35 01011001
22 01011000
168 010101
207 010100
195 010011
169 010010
23 01000111
50 010001101
57 0100011001
99 01000110001
96 01000110000
243 0100010
176 010000
20 00111111
21 00111110
226 0011110
170 001110
175 001101
171 001100
177 001011
187 001010
183 00100
49 000111111
104 00011111011
102 00011111010
105 00011111001
97 00011111000
47 000111101
126 0001111001
103 00011110001
98 00011110000
225 0001110
174 000110
172 000101
173 000100
185 00001
48 000001111
46 000001110
24 00000110
159 0000010
244 0000001
101 00000001111
95 00000001110
107 00000001101
106 00000001100
109 00000001011
110 00000001010
56 0000000100
45 000000001
108 00000000011
94 00000000010
111 00000000001
10 000000000001
8 0000000000001
3 000000000000011
0 00000000000001011
1 00000000000001010
2 0000000000000100
4 000000000000001
255 000000000000000
